"x" <-
structure(c(1, 0, 0, 1, 2, 1, 1, 2, 2, 0, 1, 2, 2, 0, 1, 1, 2, 0, 2, 2, 1, 0, 1, 2, 1, 2, 2, 2, 1, 1, 1, 2, 0, 2, 2, 0, 1, 2, 1, 1, 2, 1, 2, 2, 2, 0, 1, 1, 2, 2, 1, 2, 1, 2, 0, 2, 1, 1, 1, 2, 2, 0, 1, 1, 2, 2, 1, 1, 2, 1, 0, 2, 2, 2, 1, 2, 1, 2, 1, 1, 1, 0, 1, 0, 1, 1, 2, 1, 2, 2, 2, 1, 1, 1, 2, 2, 1, 1, 0, 2, 0, 0, 1, 2, 1, 2, 2, 0, 1, 2, 2, 1, 1, 1, 2, 0, 1, 2, 1, 2, 1, 2, 2, 0, 2, 1, 2, 2, 2, 2, 1, 2, 1, 1, 0, 2, 1, 1, 1, 2, 0, 1, 2, 2, 2, 1, 2, 1, 1, 1, 1, 1, 1, 2, 1, 0, 1, 1, 2, 1, 1, 1, 1, 1, 1, 2, 0, 0, 1, 1, 2, 1, 2, 2, 1, 0, 1, 1, 1, 1, 2, 2, 2, 2, 1, 1, 2, 1, 1, 1, 1, 1, 2, 2, 1, 1, 1, 1, 1, 2, 1, 2, 1, 2, 2, 1, 1, 1, 2, 2, 2, 2, 0, 1, 1, 1, 0, 1, 0, 1, 0, 1, 2, 2, 1, 1, 1, 1, 0, 1, 2, 1, 1, 0, 2, 1, 1, 1, 2, 1, 1, 0, 1, 1, 2, 1, 2, 2, 2, 2, 1, 1, 2, 2, 1, 1, 2, 0, 2, 1, 2, 1, 0, 2, 1, 1, 2, 2, 1, 0, 1, 2, 1, 1, 0, 1, 1, 1, 0, 1, 1, 1, 1, 1, 1, 0, 1, 0, 2, 2, 1, 0, 2, 1, 2, 0, 2, 1, 2, 1, 1, 2, 1, 0, 2, 2, 0, 2, 1, 1, 1, 1, 1, 2, 0, 1, 2, 1, 0, 2, 1, 2, 2, 2, 1, 2, 0, 1, 1, 1, 1, 1, 0, 0, 2, 1, 2, 0, 1, 2, 1, 2, 1, 2, 2, 1, 0, 2, 2, 2, 1, 0, 2, 1, 0, 0, 1, 2, 1, 0, 2, 2, 1, 2, 2, 1, 0, 1, 0, 1, 2, 2, 1, 1, 0, 0, 2, 2, 1, 1, 2, 2, 0, 0, 2, 1, 1, 2, 1, 1, 1, 2, 2, 2, 1, 1, 1, 2, 0, 2, 1, 1, 1, 0, 1, 0, 1, 1, 1, 1, 2, 2, 2, 0, 0, 2, 0, 2, 1, 0, 2, 0, 1, 1, 1, 1, 0, 1, 2, 2, 0, 1, 1, 2, 2, 0, 0, 0, 1, 2, 1, 2, 1, 2, 0, 1, 1, 1, 1, 2, 1, 2, 1, 0, 0, 1, 2, 1, 1, 1, 2, 0, 2, 1, 0, 0, 1, 0, 2, 2, 2, 1, 1, 0, 1, 1, 1, 2, 1, 1, 1, 1, 1, 1, 2, 1, 1, 2, 1, 0, 1, 0, 0, 0, 2, 1, 1, 1, 2, 1, 0, 1, 1, 2, 0, 2, 1, 0, 2, 2, 2, 1, 2, 1, 1, 1, 2, 2, 2, 1, 1, 2, 0, 2, 1, 2, 2, 1, 0, 1, 1, 1, 1, 2, 1, 2, 0, 0, 2, 2, 2, 1, 1, 1, 2, 1, 1, 1, 2, 1, 2, 0, 1, 0, 0, 0, 0, 1, 0, 1, 0, 1, 1, 1, 0, 0, 1, 1, 2, 2, 2, 1, 1, 2, 1, 1, 0, 2, 2, 1, 2, 2, 2, 0, 1, 1, 0, 1, 1, 2, 1, 1, 0, 2, 1, 0, 2, 2, 0, 0, 0, 1, 2, 1, 1, 0, 2, 1, 1, 2, 1, 1, 0, 1, 1, 2, 1, 2, 2, 1, 1, 2, 2, 1, 2, 2, 2, 0, 2, 1, 2, 0, 1, 1, 0, 1, 0, 0, 1, 2, 1, 0, 1, 1, 2, 1, 1, 2, 2, 1, 1, 0, 2, 2, 0, 1, 2, 2, 1, 0, 2, 0, 1, 2, 2, 1, 2, 2, 2, 0, 1, 0, 0, 2, 1, 1, 1, 2, 2, 2, 1, 2, 1, 2, 1, 2, 1, 1, 2, 1, 2, 2, 2, 1, 1, 1, 1, 1, 1, 1, 1, 2, 2, 2, 1, 1, 0, 2, 2, 1, 1, 2, 1, 0, 2, 1, 0, 1, 1, 1, 1, 2, 1, 1, 0, 1, 0, 2, 0, 1, 1, 2, 2, 1, 1, 1, 2, 1, 0, 1, 0, 2, 2, 1, 2, 2, 2, 2, 2, 2, 2, 2, 1, 2, 2, 1, 1, 1, 1, 0, 0, 2, 1, 1, 2, 1, 2, 2, 2, 0, 1, 1, 1, 1, 1, 2, 1, 2, 1, 1, 1, 1, 2, 2, 1, 1, 2, 2, 2, 1, 1, 1, 1, 1, 1, 1, 2, 2, 1, 1, 2, 2, 1, 0, 0, 2, 1, 2, 1, 2, 2, 2, 2, 0, 1, 1, 2, 1, 1, 0, 2, 2, 2, 2, 1, 1, 2, 1, 1, 1, 2, 1, 1, 1, 2, 2, 2, 1, 2, 1, 1, 1, 2, 1, 2, 1, 2, 1, 2, 2, 1, 2, 0, 1, 0, 2, 2, 2, 1, 2, 1, 1, 1, 2, 1, 2, 2, 2, 2, 2, 2, 2, 2, 0, 1, 1, 1, 1, 0, 0, 1, 1, 1, 2, 1, 1, 1, 1, 2, 0, 1, 1, 1, 0, 1, 2, 1, 1, 0, 1, 1, 1, 0, 2, 2, 2, 1, 0, 1, 1, 1, 1, 0, 0, 1, 1, 0, 2, 1, 1, 2, 2, 2, 1, 2, 2, 1, 2, 1, 1, 2, 0, 2, 0, 1, 1, 1, 1, 2, 1, 2, 0, 0, 1, 1, 1, 2, 0, 2, 2, 0, 2, 1, 2, 1, 0, 2, 1, 1, 1, 2, 1, 0, 2, 2, 2, 0, 1, 1, 1, 1, 0, 2, 1, 1, 0, 0, 1, 2, 2, 1, 2, 2, 2, 2, 1, 1, 2, 0, 0, 1, 2, 1, 1, 0, 2, 2, 1, 2, 0), .Dim = c(1000, 1))
"y" <-
structure(c(102.014352423009, 100.613961787572, 99.8276794210102, 102.93820311945, 106.046322154633, 101.020797523501, 103.047611302567, 103.625514770832, 102.863800288399, 99.4834870354271, 99.7884883607679, 103.519806897618, 104.691013963464, 98.593409579891, 101.243177654998, 99.9562036637783, 104.641040111573, 98.4587151434486, 104.993112311718, 107.775704354031, 100.00572315465, 98.6252520449851, 103.347931738385, 102.36195311372, 99.4502891138706, 104.547724203882, 104.390143529582, 99.5966907682689, 101.846503456508, 100.187976435009, 103.301620112388, 108.011426976624, 98.4561352311701, 102.043613088468, 104.924217749775, 98.8912849827276, 100.660263062473, 103.975633756642, 102.320271339777, 101.414966727258, 102.755828597769, 101.556984331918, 103.162987481981, 103.612828811258, 103.224218138112, 99.1950826453933, 102.048950042561, 103.256477060188, 103.895082378503, 106.176964751968, 100.321630308993, 102.752638995292, 100.411342563711, 107.711898719398, 100.236765621141, 100.886171733084, 103.325539634183, 100.219154756867, 101.697861452615, 105.335462786077, 102.000983923871, 99.2968108760768, 104.377348448585, 101.06487549482, 99.880372154783, 102.793431645685, 100.786872799873, 100.483388440236, 103.937852416405, 102.734333116138, 99.5709557564912, 102.56333055692, 106.453703080053, 105.56113005545, 102.767740579346, 105.937761034913, 100.367804971186, 100.787893520624, 103.350471689832, 100.016060306133, 100.70123250414, 100.522346023347, 102.801647857986, 101.231008196805, 101.145030617716, 102.229014980958, 106.274673977015, 100.475029051152, 102.860603395573, 102.956649028204, 104.749604864127, 102.967756993325, 102.869182947475, 101.785914341317, 106.897182922764, 103.220897377932, 102.330201805317, 99.6625127497368, 99.7033128535189, 101.590535565558, 100.201987395755, 101.615303162552, 103.205454153254, 104.396268654696, 100.724498911188, 105.184514181999, 102.992649886961, 99.9606962494795, 101.607845400228, 104.561760094588, 105.421962119766, 100.719248194092, 102.121636439647, 100.311962744616, 102.437397953202, 100.666073906491, 99.509727636629, 102.132007351958, 100.951052536472, 105.068454400232, 100.084728116191, 101.732192848503, 103.561887434874, 98.9988075704317, 102.445996423115, 99.6641165176364, 103.616394308321, 105.831465374058, 105.156151253053, 106.917670916948, 100.191182440782, 103.6600581115, 102.082390413909, 99.9816491580626, 99.0106228067003, 104.372894214785, 101.241524393899, 102.420381988216, 101.118215950838, 102.221412632834, 100.511502453305, 101.881281815123, 103.850261223932, 102.056211671672, 105.456631972037, 99.3692613770755, 105.21283305556, 100.690963695018, 103.487007703474, 101.964448207455, 102.994732025802, 100.020069146224, 103.019075105766, 104.815717861227, 103.699057919924, 99.9035588608519, 104.18362739778, 102.516429097442, 103.496610428843, 103.572084618491, 102.540163745162, 100.949427712183, 103.758878414648, 98.9968271247325, 101.12219460734, 105.715529214452, 99.0394397772495, 100.072090470524, 104.81282748991, 99.9966338610487, 104.264355155787, 102.127327693545, 102.865319622851, 101.416084370142, 101.241441734445, 98.308144841185, 100.088474670233, 102.712856331677, 100.994406988278, 100.817357199448, 105.812458476785, 107.208513474218, 106.197487150529, 100.752625510111, 102.135689756124, 106.39173888918, 101.222252202422, 100.912769968905, 102.118637809699, 102.951358698835, 101.570430957093, 101.816830355041, 102.01426201098, 103.846699992298, 101.223195552959, 99.5733584909642, 101.118537612889, 99.3290799922075, 101.993222072721, 106.738599908686, 103.895788573893, 106.729555473261, 102.368318810665, 101.63356815637, 103.366270764475, 99.9048706021283, 101.004612581051, 102.492841289019, 102.74066737121, 101.23151168953, 102.39684522517, 104.154589221408, 97.730279057104, 101.47939932612, 102.672113970697, 101.357217886251, 101.637193659632, 103.56089827646, 99.8486209257931, 101.619813318873, 100.850873776151, 101.307142320075, 107.116093790271, 101.493304758251, 102.071392519579, 101.737497683736, 102.904302772294, 100.987867593694, 98.9364829759229, 103.067045888977, 102.685011578188, 101.961905389258, 105.511385638032, 99.7406657706579, 104.988716037609, 101.977205223877, 103.470390244117, 100.663897707355, 104.275944248557, 101.220376162387, 102.003078918604, 100.409751694155, 101.434111816557, 99.0236241932313, 101.641582745356, 104.398726018315, 103.021910811874, 104.719585152012, 103.338491575443, 100.822358113574, 103.37910298063, 101.398697453056, 100.320863632761, 104.485544953717, 103.57932538788, 99.3725092174043, 102.029265062177, 101.194567157357, 106.151053172029, 103.315068162989, 102.818955271811, 99.8853667977055, 99.5489439471651, 103.339540079244, 102.555675324359, 102.439427610995, 103.726770581577, 105.492489256477, 99.3983160157355, 100.032450911493, 98.9405827885465, 104.109044395249, 98.899590191253, 100.859898943949, 98.445780546684, 102.329046927109, 