"xx" <-
structure(c(1, 2, 3, 4, 5, 6, 7, 8, 9, 10, 11, 12, 1, 2, 3, 4, 5, 6, 7, 8, 9, 10, 11, 12), .Dim = c(24, 1))
"yy" <-
structure(c(8, 12, 13, 18, 22, 16, 24, 29, 34, 15, 8, 6, 9, 10, 12, 18, 26, 28, 28, 30, 20, 10, 9, 9), .Dim = c(24, 1))
