function [centromere] = centromerecoord()
%FUNCNAME - 

centromere=[121236957,123476957;
91689898,94689898;
90587544,93487544;
49354874,52354874;
46441398,49441398;
58938125,61938125;
58058273,61058273;
43958052,46958052;
47107499,50107499;
39244941,41624941;
51450781,54450781;
34747961,36142961;
16000000,17868000;
15070000,18070000;
15260000,18260000;
35143302,36943302;
22187133,22287133;
15400898,16764896;
26923622,29923622;
26267569,28033230;
10260000,13260000;
11330000,14330000;
58598737,61598737;
11253954,11653954];

%M10=10000000;
%cenA=centromere(chrid,1)-M10;
%cenB=centromere(chrid,2)+M10;
