"X" <-
structure(c(0.183227263001437, -1.02976754356662, 0.949221831131023, 0.307061919146703, 0.135174942099456, 0.515246335524849, 0.261406324055383, -0.941485770955434, -0.162337672803828, -0.146054634331526, -0.532011376808821, 1.68210359466318, -0.875729346160017, -0.483815050110121, -0.712004549027423, -1.17421233145682, -0.192239517539275, -0.274070229932602, 1.5300725144241, -0.249024742513714, -1.06421341288933, 1.60345729812004, 1.23467914689078, -0.22962645096318, -1.50615970397972, -0.444627816446985, -0.155941035724769, 0.276068253931536, -0.261163645776479, 0.443421912904091, 0.391894209432449, -1.25067890682641, -0.947960922331432, -0.741106093940411, -0.507817550278174, -0.320575506600239, 0.012469041361618, -3.02917734140415, -0.457014640871583, 1.24244840639074, -1.06670139898475, 0.933728162671238, 0.350321001356112, -0.0290057637087263, 0.182452167505983, -1.56505601415073, -0.0845394798177242, 1.60394635060288, 0.098347774640108, 0.0413736134896147, -0.734169112696739, -0.03081373001232, 0.232347012624477, 0.426387557408945, -0.372808741723504, -0.236454583757186, 2.02369088660305, -2.25835397049619, 2.2294456804569, 0.337563700613106, 1.00006081958912, -1.66416447498706, -0.590034564205221, -0.278064163765309, 0.422715691220478, -1.67020069785047, 0.471634326416303, -1.21284719967446, 0.0661900484246114, 0.652355888661374, 0.327059967177088, 1.08263350423676, 1.00607711081905, -0.650907736597753, 0.257056157433969, -0.944377806404219, -1.32178852139256, 0.924825933493706, 4.98490752508133e-05, -0.0549189146094067, 0.91112726565386, 0.594583697409052, 0.350201173874535, 1.250251228305, 0.929789458557716, 0.23976325705858, -0.690361103111226, -0.651553641750281, 1.19210187053127, -1.61183038867781, -0.0244619366359185, -1.9488471768989, 1.02049801445265, 0.861716302393418, 0.00116208348351385, -0.0708372131604802, -2.48628392070328, 0.581172322675923, -2.1924349199659, -2.3192803066433, 0.27993371029844, -0.748480983570505, 0.611490621423374, 0.87697780568403, 1.05773254520536, -0.491159125382991, 0.649377623166851, 0.300633350315076, 1.02606999846992, 0.736157079925919, 1.09788842598508, 0.0680621320754192, 0.0527985438487327, 1.20777340530544, -1.92365546241575, -0.30458640551401, -1.07059444980866, -0.182584802707648, 0.848679262048621, 1.02572714924176, -0.814943642680138, -0.271069912683167, 0.33702487413005, -0.0918633757535733, 0.501818555261006, 0.599930942955802, -0.729961558940129, 0.0231697340707683, -1.93209459916153, 1.34536171051847, -0.429090760994156, -1.00384997400222, -0.0539446834228118, -1.2286468646321, 0.1791423822984, -0.360664996528185, 2.37777870918415, 1.3384653873296, -2.2968865031845, 0.641326931727608, -1.19813787581107, -0.0550551798808058, 0.364404073318729, 0.947734028808123, -0.0730469494029068, 1.77630014654608, -0.280937151778845, 0.527512120829686, 0.864734120627594, 0.28518859272116, 1.08095278538105, 0.523213137847597, -0.584146183664088, -1.60537335138609, 2.05859294855571, -0.404530088774459, 0.303359722310648, 0.763166955145978, 0.313596996734002, -0.704726212798032, -0.267714582451856, 0.075110052776893, 1.67895849150403, -0.660815690006961, 0.984668467287821, 0.508623139948529, -0.0338600421291529, -0.856972745960131, -0.0841409546261639, 0.113309717540695, -1.26939507448636, 0.392182244870785, -0.622293276290175, 0.105759412040277, 0.53621334095424, -0.704654059246837, -0.0882563612056964, 0.550062757534178, -1.63585914250431, 1.23597590824548, 2.62446114493936, 1.15940050940798, -0.115771995009408, 0.628622679859396, -0.835984778513393, 2.07786546049586, 1.14070440335213, 0.987345779935246, -0.675874261956672, 0.519949134382331, -0.358294284850904, -0.111429418546895, -0.370009916642186, -0.825733615628713, -0.708745586874325, -0.00989733405559079, -1.49886408417261, 0.807600575846084, 0.0822017107320376, 0.899160333644167), .Dim = c(200, 1))
"G" <-
structure(c(1, 1, 1, 1, 1, 1, 1, 1, 1, 1, 1, 1, 1, 1, 1, 1, 1, 1, 1, 1, 1, 1, 1, 1, 1, 1, 1, 1, 1, 1, 1, 1, 1, 1, 1, 1, 1, 1, 1, 1, 1, 1, 1, 1, 1, 1, 1, 1, 1, 1, 1, 1, 1, 1, 1, 1, 1, 1, 1, 1, 1, 1, 1, 1, 1, 1, 1, 1, 1, 1, 1, 1, 1, 1, 1, 1, 1, 1, 1, 1, 1, 1, 1, 1, 1, 1, 1, 1, 1, 1, 1, 1, 1, 1, 1, 1, 1, 1, 1, 1, 2, 2, 2, 2, 2, 2, 2, 2, 2, 2, 2, 2, 2, 2, 2, 2, 2, 2, 2, 2, 2, 2, 2, 2, 2, 2, 2, 2, 2, 2, 2, 2, 2, 2, 2, 2, 2, 2, 2, 2, 2, 2, 2, 2, 2, 2, 2, 2, 2, 2, 2, 2, 2, 2, 2, 2, 2, 2, 2, 2, 2, 2, 2, 2, 2, 2, 2, 2, 2, 2, 2, 2, 2, 2, 2, 2, 2, 2, 2, 2, 2, 2, 2, 2, 2, 2, 2, 2, 2, 2, 2, 2, 2, 2, 2, 2, 2, 2, 2, 2), .Dim = c(200, 1))
